0 205
1 226
2 219
3 217
4 223
5 234
6 230
7 217
8 218
9 205
10 237
11 237
12 237
13 221
14 237
15 227
16 218
17 222
18 237
19 234
20 227
21 227
22 227
23 235
24 230
25 232
26 224
27 237
28 219
29 227
30 234
31 232
32 210
33 232
34 237
35 69
36 66
37 225
38 221
39 224
40 227
41 91
42 235
43 227
44 232
45 223
46 172
47 221
48 228
49 217
50 237
51 228
52 3
53 226
54 220
55 231
56 222
57 222
58 227
59 224
60 229
61 227
62 232
63 232
64 222
65 227
66 237
67 64
68 222
69 232
70 233
71 237
72 222
73 71
74 232
75 237
76 221
77 233
78 112
79 227
80 69
81 228
82 217
83 107
84 237
85 237
86 229
87 237
88 232
89 237
90 226
91 232
92 224
93 217
94 237
95 231
96 222
97 219
98 74
99 221
