0 3
1 0
2 0
3 86
4 3
5 0
6 2
7 1
8 0
9 140
10 0
11 0
12 3
13 128
14 0
15 0
16 200
17 72
18 0
19 3
20 46
21 176
22 0
23 131
24 3
25 231
26 0
27 221
28 3
29 80
30 1
31 148
32 2
33 1
34 100
35 0
36 145
37 1
38 149
39 0
40 171
41 187
42 214
43 49
44 3
45 102
46 4
47 148
48 164
49 3
50 0
51 2
52 3
53 3
54 3
55 6
56 214
57 66
58 91
59 6
60 8
61 210
62 0
63 3
64 179
65 0
66 7
67 10
68 94
69 6
70 3
71 6
72 2
73 20
74 0
75 0
76 24
77 3
78 6
79 4
80 3
81 0
82 170
83 172
84 85
85 144
86 6
87 3
88 3
89 2
90 0
91 1
92 182
93 0
94 3
95 4
96 6
97 0
98 97
99 3
100 1
101 7
102 93
103 0
104 193
105 31
106 213
107 0
108 0
109 3
110 4
111 0
112 3
113 2
114 72
115 195
116 5
117 55
118 3
119 14
120 106
121 3
122 80
123 5
124 0
125 6
126 5
127 0
128 3
129 92
130 163
131 0
132 6
133 148
134 0
135 5
136 3
137 171
138 0
139 100
140 1
141 0
142 3
143 5
144 91
145 0
146 106
147 0
148 138
149 3
150 2
151 131
152 4
153 226
154 151
155 1
156 4
157 22
158 1
159 133
160 2
161 0
162 144
163 121
164 3
165 0
166 0
167 9
168 6
169 1
170 5
171 3
172 9
173 2
174 0
175 43
176 225
177 3
178 3
179 6
180 1
181 93
182 124
183 3
184 0
185 75
186 0
187 65
188 166
189 3
190 14
191 3
192 6
193 0
194 9
195 0
196 229
197 0
198 151
199 76
200 97
201 0
202 44
203 190
204 1
205 4
206 43
207 41
208 0
209 149
210 0
211 10
212 7
213 229
214 0
215 2
216 178
217 3
218 42
219 162
220 0
221 0
222 195
223 165
224 93
225 41
226 233
227 78
228 0
229 3
230 0
231 69
232 3
233 93
234 2
235 0
236 6
237 4
238 6
239 0
240 23
241 0
242 0
243 5
244 6
245 1
246 0
247 207
248 1
249 0
250 237
251 0
252 168
253 0
254 0
255 216
256 3
257 0
258 6
259 3
260 176
261 0
262 172
263 3
264 56
265 0
266 4
267 24
268 5
269 2
270 5
271 17
272 1
273 51
274 0
275 52
276 95
277 0
278 165
279 5
280 3
281 1
282 138
283 130
284 86
285 6
286 78
287 0
288 3
289 4
290 138
291 9
292 0
293 3
294 171
295 2
296 0
297 0
298 1
299 12
300 0
301 2
302 196
303 0
304 141
305 18
306 52
307 44
308 3
309 8
310 191
311 3
312 0
313 0
314 170
315 234
316 34
317 0
318 4
319 170
320 171
321 6
322 97
323 136
324 138
325 3
326 1
327 177
328 3
329 4
330 222
331 222
332 2
333 4
334 9
335 208
336 178
337 3
338 123
339 3
340 0
341 1
342 227
343 30
344 7
345 0
346 228
347 0
348 40
349 1
350 16
351 0
352 0
353 0
354 4
355 0
356 226
357 15
358 1
359 2
360 2
361 0
362 17
363 52
364 94
365 2
366 196
367 137
368 221
369 148
370 2
371 6
372 199
373 3
374 6
375 6
376 10
377 0
378 0
379 21
380 3
381 3
382 0
383 136
384 1
385 0
386 7
387 118
388 3
389 3
390 188
391 2
392 0
393 193
394 13
395 4
396 176
397 235
398 0
399 200
400 47
401 135
402 139
403 0
404 3
405 7
406 0
407 3
408 43
409 79
410 154
411 0
412 3
413 0
414 233
415 3
416 10
417 23
418 2
419 3
420 8
421 3
422 29
423 233
424 16
425 0
426 151
427 3
428 234
429 4
430 0
431 0
432 3
433 1
434 0
435 106
436 99
437 5
438 3
439 0
440 4
441 0
442 77
443 0
444 25
445 22
446 0
447 35
448 7
449 6
450 2
451 0
452 0
453 231
454 8
455 0
456 96
457 6
458 196
459 6
460 4
461 1
462 2
463 1
464 200
465 3
466 3
467 3
468 231
469 188
470 56
471 2
472 184
473 182
474 0
475 2
476 0
477 32
478 3
479 0
480 169
481 30
482 0
483 229
484 230
485 0
486 38
487 202
488 182
489 135
490 137
491 23
492 3
493 6
494 8
495 183
496 4
497 94
498 1
499 139
500 203
501 1
502 153
503 0
504 3
505 212
506 3
507 62
508 1
509 3
510 5
511 8
512 0
513 0
514 174
515 0
516 227
517 0
518 181
519 0
520 136
521 45
522 184
523 0
524 0
525 0
526 43
527 5
528 2
529 4
530 0
531 1
532 183
533 36
534 0
535 62
536 3
537 145
538 4
539 171
540 0
541 0
542 0
543 0
544 4
545 95
546 1
547 145
548 142
549 0
550 0
551 1
552 0
553 222
554 1
555 1
556 0
557 8
558 170
559 232
560 0
561 6
562 3
563 0
564 0
565 51
566 0
567 8
568 3
569 6
570 96
571 164
572 182
573 81
574 29
575 8
576 97
577 93
578 143
579 3
580 0
581 0
582 184
583 0
584 1
585 3
586 186
587 5
588 0
589 0
590 225
591 3
592 230
593 3
594 8
595 3
596 175
597 0
598 2
599 227
600 3
601 146
602 7
603 190
604 2
605 3
606 176
607 2
608 4
609 10
610 3
611 82
612 0
613 2
614 0
615 9
616 39
617 0
618 0
619 0
620 233
621 3
622 0
623 3
624 0
625 173
626 0
627 12
628 74
629 3
630 1
631 1
632 95
633 4
634 144
635 71
636 124
637 4
638 0
639 0
640 16
641 3
642 0
643 231
644 0
645 0
646 3
647 10
648 185
649 0
650 236
651 3
652 162
653 186
654 6
655 2
656 118
657 2
658 3
659 145
660 7
661 6
662 171
663 0
664 32
665 28
666 181
667 94
668 48
669 87
670 48
671 10
672 0
673 193
674 0
675 0
676 45
677 228
678 9
679 169
680 232
681 3
682 0
683 5
684 92
685 235
686 5
687 195
688 126
689 5
690 127
691 0
692 69
693 10
694 3
695 3
696 33
697 0
698 162
699 225
700 0
701 0
702 195
703 3
704 0
705 226
706 0
707 0
708 2
709 224
710 126
711 56
712 82
713 190
714 0
715 0
716 186
717 48
718 3
719 102
720 94
721 12
722 167
723 3
724 4
725 0
726 0
727 126
728 9
729 0
730 28
731 59
732 204
733 0
734 2
735 2
736 144
737 185
738 0
739 56
740 2
741 176
742 135
743 195
744 68
745 182
746 1
747 2
748 148
749 3
750 2
751 4
752 18
753 3
754 3
755 0
756 228
757 223
758 0
759 3
760 237
761 4
762 0
763 44
764 6
765 1
766 4
767 156
768 0
769 5
770 233
771 181
772 0
773 0
774 3
775 3
776 0
777 92
778 176
779 139
780 5
781 4
782 0
783 1
784 106
785 164
786 7
787 92
788 91
789 3
790 3
791 119
792 1
793 77
794 0
795 144
796 8
797 5
798 0
799 4
800 7
801 13
802 3
803 123
804 8
805 233
806 0
807 0
808 208
809 3
810 3
811 0
812 23
813 132
814 0
815 136
816 223
817 2
818 151
819 0
820 180
821 128
822 3
823 99
824 0
825 180
826 4
827 0
828 139
829 194
830 198
831 96
832 0
833 0
834 0
835 0
836 5
837 210
838 15
839 89
840 234
841 2
842 5
843 0
844 67
845 86
846 3
847 10
848 0
849 0
850 229
851 0
852 0
853 1
854 4
855 149
856 6
857 6
858 83
859 6
860 1
861 87
862 2
863 172
864 36
865 20
866 140
867 138
868 44
869 205
870 95
871 0
872 221
873 3
874 144
875 167
876 1
877 0
878 3
879 0
880 20
881 228
882 4
883 37
884 2
885 50
886 2
887 0
888 3
889 17
890 153
891 0
892 6
893 3
894 0
895 29
896 47
897 180
898 235
899 223
900 49
901 0
902 144
903 2
904 5
905 14
906 183
907 196
908 3
909 199
910 14
911 0
912 0
913 6
914 0
915 181
916 57
917 0
918 3
919 54
920 2
921 218
922 3
923 2
924 47
925 145
926 228
927 0
928 2
929 1
930 0
931 6
932 5
933 230
934 194
935 39
936 6
937 3
938 0
939 0
940 140
941 0
942 199
943 0
944 0
945 0
946 2
947 6
948 4
949 2
950 4
951 0
952 82
953 2
954 191
955 6
956 141
957 88
958 0
959 58
960 5
961 55
962 223
963 3
964 1
965 0
966 0
967 1
968 69
969 0
970 60
971 0
972 199
973 185
974 1
975 76
976 4
977 180
978 36
979 181
980 1
981 93
982 22
983 3
984 4
985 229
986 152
987 86
988 0
989 201
990 37
991 2
992 113
993 14
994 236
995 0
996 200
997 3
998 231
999 196
1000 145
1001 119
1002 2
1003 17
1004 228
1005 23
1006 0
1007 0
1008 94
1009 190
1010 5
1011 0
1012 223
1013 119
1014 33
1015 2
1016 22
1017 3
1018 1
1019 10
1020 2
1021 3
1022 135
1023 11
1024 162
1025 4
1026 0
1027 0
1028 0
1029 1
1030 6
1031 132
1032 131
1033 3
1034 175
1035 212
1036 6
1037 22
1038 48
1039 0
1040 0
1041 6
1042 197
1043 3
1044 1
1045 1
1046 1
1047 0
1048 3
1049 0
1050 0
1051 3
1052 181
1053 165
1054 6
1055 98
1056 3
1057 14
1058 0
1059 99
1060 0
1061 4
1062 23
1063 5
1064 124
1065 150
1066 85
1067 0
1068 0
1069 86
1070 195
1071 232
1072 172
1073 3
1074 177
1075 88
1076 46
1077 4
1078 0
1079 2
1080 235
1081 145
1082 0
1083 0
1084 23
1085 205
1086 4
1087 3
1088 0
1089 4
1090 76
1091 228
1092 43
1093 43
1094 164
1095 3
1096 147
1097 166
1098 1
1099 5
1100 0
1101 2
1102 177
1103 1
1104 44
1105 0
1106 3
1107 4
1108 3
1109 6
1110 0
1111 3
1112 75
1113 1
1114 0
1115 1
1116 146
1117 45
1118 178
1119 0
1120 139
1121 8
1122 151
1123 0
1124 0
1125 76
1126 174
1127 0
1128 106
1129 3
1130 4
1131 21
1132 10
1133 2
1134 2
1135 2
1136 96
1137 0
1138 3
1139 24
1140 1
1141 67
1142 4
1143 1
1144 237
1145 0
1146 227
1147 3
1148 19
1149 178
1150 0
1151 0
1152 1
1153 3
1154 0
1155 2
1156 177
1157 0
1158 186
1159 205
1160 84
1161 95
1162 3
1163 0
1164 139
1165 181
1166 169
1167 41
1168 131
1169 211
1170 176
1171 8
1172 7
1173 0
1174 3
1175 0
1176 9
1177 0
1178 3
1179 3
1180 215
1181 94
1182 119
1183 0
1184 6
1185 94
1186 184
1187 118
1188 154
1189 5
1190 4
1191 2
1192 1
1193 5
1194 133
1195 3
1196 73
1197 105
1198 0
1199 3
1200 217
1201 6
1202 1
1203 3
1204 58
1205 95
1206 6
1207 228
1208 21
1209 1
1210 0
1211 7
1212 19
1213 55
1214 0
1215 31
1216 8
1217 3
1218 0
1219 5
1220 3
1221 227
1222 0
1223 1
1224 43
1225 10
1226 170
1227 0
1228 1
1229 2
1230 0
1231 94
1232 0
1233 6
1234 6
1235 9
1236 3
1237 180
1238 207
1239 220
1240 0
1241 3
1242 84
1243 199
1244 0
1245 12
1246 0
1247 238
1248 236
1249 185
1250 180
1251 0
1252 179
1253 3
1254 2
1255 13
1256 184
1257 0
1258 3
1259 128
1260 3
1261 0
1262 4
1263 55
1264 0
1265 3
1266 7
1267 118
1268 0
1269 2
1270 220
1271 3
1272 2
1273 6
1274 138
1275 3
1276 238
1277 0
1278 234
1279 6
1280 1
1281 57
1282 208
1283 0
1284 11
1285 6
1286 0
1287 0
1288 6
1289 16
1290 1
1291 3
1292 1
1293 52
1294 198
1295 5
1296 0
1297 0
1298 1
1299 185
1300 169
1301 2
1302 104
1303 5
1304 229
1305 0
1306 0
1307 0
1308 12
1309 0
1310 0
1311 0
1312 212
1313 3
1314 176
1315 118
1316 232
1317 0
1318 130
1319 2
1320 1
1321 75
1322 193
1323 134
1324 4
1325 0
1326 0
1327 173
1328 95
1329 61
1330 0
1331 4
1332 220
1333 222
1334 0
1335 9
1336 3
1337 41
1338 3
1339 0
1340 4
1341 44
1342 199
1343 0
1344 29
1345 44
1346 54
1347 4
1348 194
1349 0
1350 185
1351 98
1352 186
1353 0
1354 0
1355 199
1356 6
1357 0
1358 0
1359 0
1360 192
1361 5
1362 95
1363 28
1364 0
1365 0
1366 4
1367 98
1368 0
1369 75
1370 3
1371 2
1372 0
1373 2
1374 39
1375 119
1376 9
1377 0
1378 119
1379 161
1380 6
1381 3
1382 0
1383 99
1384 30
1385 23
1386 0
1387 1
1388 199
1389 195
1390 118
1391 70
1392 4
1393 0
1394 107
1395 1
1396 16
1397 43
1398 120
1399 0
1400 0
1401 1
1402 92
1403 3
1404 4
1405 15
1406 12
1407 143
1408 3
1409 3
1410 165
1411 110
1412 4
1413 170
1414 0
1415 0
1416 136
1417 118
1418 8
1419 6
1420 7
1421 73
1422 121
1423 1
1424 5
1425 165
1426 237
1427 196
1428 14
1429 0
1430 6
1431 5
1432 0
1433 3
1434 1
1435 232
1436 2
1437 3
1438 96
1439 1
1440 0
1441 6
1442 136
1443 0
1444 4
1445 0
1446 133
1447 5
1448 95
1449 83
1450 99
1451 144
1452 3
1453 229
1454 3
1455 4
1456 2
1457 5
1458 3
1459 7
1460 195
1461 87
1462 6
1463 0
1464 1
1465 15
1466 95
1467 102
1468 53
1469 16
1470 103
1471 1
1472 5
1473 95
1474 0
1475 56
1476 3
1477 0
1478 1
1479 148
1480 4
1481 0
1482 12
1483 4
1484 9
1485 0
1486 4
1487 3
1488 4
1489 25
1490 1
1491 32
1492 172
1493 129
1494 165
1495 96
1496 6
1497 4
1498 3
1499 118
