0 0 
1 55 
2 177 
3 86 
4 0 
5 0 
6 0 
7 0 
8 0 
9 3 
10 8 
11 0 
12 11 
13 5 
14 0 
15 1 
16 0 
17 4 
18 3 
19 0 
20 189 
21 7 
22 3 
23 131 
24 0 
25 0 
26 9 
27 221 
28 0 
29 130 
30 1 
31 0 
32 12 
33 0 
34 3 
35 190 
36 6 
37 0 
38 6 
39 2 
40 219 
41 187 
42 3 
43 100 
44 204 
45 96 
46 3 
47 6 
48 142 
49 0 
50 0 
51 1 
52 0 
53 0 
54 179 
55 0 
56 5 
57 155 
58 0 
59 0 
60 1 
61 3 
62 0 
63 4 
64 179 
65 0 
66 0 
67 154 
68 139 
69 219 
70 0 
71 97 
72 0 
73 4 
74 180 
75 6 
76 1 
77 217 
78 0 
79 133 
80 3 
81 4 
82 1 
83 3 
84 5 
85 145 
86 3 
87 0 
88 0 
89 3 
90 3 
91 3 
92 0 
93 3 
94 1 
95 0 
96 0 
97 2 
98 0 
99 219 
100 132 
101 2 
102 93 
103 96 
104 0 
105 0 
106 0 
107 15 
108 3 
109 0 
110 3 
111 5 
112 1 
113 0 
114 72 
115 78 
116 5 
117 0 
118 3 
119 14 
120 0 
121 3 
122 3 
123 0 
124 0 
125 219 
126 3 
127 209 
128 99 
129 92 
130 14 
131 96 
132 160 
133 0 
134 92 
135 0 
136 75 
137 148 
138 0 
139 0 
140 205 
141 1 
142 0 
143 0 
144 3 
145 3 
146 106 
147 2 
148 2 
149 153 
150 3 
151 0 
152 196 
153 226 
154 0 
155 0 
156 0 
157 3 
158 4 
159 0 
160 2 
161 0 
162 0 
163 3 
164 0 
165 47 
166 0 
167 92 
168 0 
169 1 
170 0 
171 0 
172 3 
173 8 
174 14 
175 141 
176 216 
177 199 
178 6 
179 9 
180 8 
181 89 
182 124 
183 132 
184 1 
185 6 
186 6 
187 3 
188 166 
189 0 
190 3 
191 3 
192 6 
193 0 
194 2 
195 1 
196 229 
197 12 
198 6 
199 0 
200 97 
201 0 
202 76 
203 1 
204 9 
205 200 
206 6 
207 41 
208 9 
209 149 
210 3 
211 0 
212 1 
213 215 
214 3 
215 1 
216 158 
217 0 
218 42 
219 6 
220 0 
221 0 
222 0 
223 162 
224 85 
225 41 
226 2 
227 78 
228 4 
229 3 
230 3 
231 69 
232 3 
233 3 
234 139 
235 0 
236 0 
237 1 
238 0 
239 0 
240 0 
241 0 
242 3 
243 198 
244 159 
245 1 
246 0 
247 207 
248 3 
249 0 
250 237 
251 0 
252 130 
253 4 
254 2 
255 216 
256 16 
257 3 
258 144 
259 6 
260 176 
261 6 
262 70 
263 1 
264 2 
265 0 
266 45 
267 202 
268 1 
269 0 
270 2 
271 17 
272 3 
273 79 
274 0 
275 7 
276 136 
277 11 
278 181 
279 2 
280 157 
281 43 
282 138 
283 130 
284 86 
285 215 
286 66 
287 2 
288 0 
289 12 
290 6 
291 3 
292 0 
293 3 
294 9 
295 55 
296 82 
297 0 
298 3 
299 0 
300 133 
301 218 
302 196 
303 3 
304 56 
305 18 
306 52 
307 91 
308 44 
309 0 
310 0 
311 0 
312 3 
313 0 
314 147 
315 133 
316 202 
317 0 
318 0 
319 0 
320 171 
321 3 
322 82 
323 0 
324 138 
325 2 
326 0 
327 157 
328 4 
329 2 
330 55 
331 222 
332 9 
333 3 
334 44 
335 0 
336 0 
337 0 
338 123 
339 1 
340 0 
341 179 
342 6 
343 10 
344 152 
345 53 
346 230 
347 3 
348 40 
349 6 
350 0 
351 6 
352 3 
353 3 
354 0 
355 199 
356 0 
357 53 
358 0 
359 0 
360 9 
361 0 
362 9 
363 52 
364 189 
365 1 
366 0 
367 3 
368 12 
369 129 
370 0 
371 109 
372 5 
373 2 
374 0 
375 0 
376 52 
377 2 
378 0 
379 13 
380 9 
381 0 
382 22 
383 136 
384 3 
385 166 
386 3 
387 81 
388 3 
389 0 
390 0 
391 0 
392 0 
393 193 
394 0 
395 189 
396 0 
397 235 
398 0 
399 200 
400 54 
401 135 
402 3 
403 1 
404 3 
405 110 
406 3 
407 0 
408 43 
409 79 
410 0 
411 141 
412 3 
413 144 
414 99 
415 2 
416 3 
417 0 
418 0 
419 3 
420 214 
421 0 
422 9 
423 0 
424 16 
425 4 
426 151 
427 204 
428 234 
429 7 
430 0 
431 16 
432 188 
433 3 
434 3 
435 0 
436 99 
437 0 
438 19 
439 5 
440 232 
441 3 
442 89 
443 6 
444 25 
445 3 
446 0 
447 6 
448 3 
449 4 
450 3 
451 10 
452 0 
453 2 
454 199 
455 2 
456 4 
457 210 
458 196 
459 3 
460 6 
461 3 
462 179 
463 6 
464 3 
465 3 
466 187 
467 43 
468 0 
469 188 
470 3 
471 9 
472 153 
473 1 
474 6 
475 0 
476 3 
477 9 
478 0 
479 85 
480 152 
481 0 
482 0 
483 32 
484 188 
485 0 
486 203 
487 12 
488 232 
489 179 
490 0 
491 0 
492 3 
493 0 
494 2 
495 183 
496 2 
497 3 
498 0 
499 1 
