0 0 
1 193 
2 202 
3 5 
4 105 
5 24 
6 0 
7 215 
8 142 
9 210 
10 0 
11 181 
12 180 
13 228 
14 0 
15 7 
16 5 
17 4 
18 0 
19 6 
20 189 
21 171 
22 119 
23 233 
24 230 
25 0 
26 39 
27 187 
28 28 
29 169 
30 233 
31 5 
32 5 
33 119 
34 5 
35 5 
36 36 
37 236 
38 5 
39 148 
40 226 
41 22 
42 0 
43 0 
44 180 
45 0 
46 120 
47 0 
48 174 
49 2 
50 221 
51 216 
52 1 
53 151 
54 8 
55 201 
56 0 
57 187 
58 0 
59 150 
60 119 
61 220 
62 148 
63 19 
64 117 
65 8 
66 49 
67 5 
68 172 
69 119 
70 7 
71 5 
72 0 
73 6 
74 3 
75 11 
76 179 
77 25 
78 0 
79 3 
80 1 
81 171 
82 187 
83 1 
84 0 
85 7 
86 3 
87 227 
88 174 
89 2 
90 1 
91 49 
92 185 
93 218 
94 5 
95 0 
96 12 
97 148 
98 4 
99 189 
100 229 
101 232 
102 198 
103 167 
104 175 
105 172 
106 38 
107 106 
108 175 
109 112 
110 0 
111 172 
112 192 
113 153 
114 124 
115 11 
116 4 
117 185 
118 0 
119 204 
120 3 
121 67 
122 117 
123 71 
124 115 
125 4 
126 7 
127 5 
128 27 
129 2 
130 8 
131 204 
132 0 
133 170 
134 7 
135 194 
136 4 
137 69 
138 173 
139 234 
140 68 
141 160 
142 5 
143 210 
144 151 
145 164 
146 211 
147 179 
148 5 
149 11 
150 187 
151 188 
152 174 
153 106 
154 5 
155 1 
156 148 
157 4 
158 4 
159 2 
160 0 
161 228 
162 0 
163 28 
164 198 
165 0 
166 6 
167 3 
168 174 
169 226 
170 175 
171 0 
172 7 
173 172 
174 5 
175 5 
176 179 
177 16 
178 5 
179 10 
180 166 
181 34 
182 5 
183 3 
184 19 
185 20 
186 151 
187 194 
188 2 
189 0 
190 12 
191 9 
192 0 
193 152 
194 24 
195 186 
196 5 
197 4 
198 13 
199 4 
200 5 
201 0 
202 2 
203 101 
204 176 
205 184 
206 5 
207 2 
208 3 
209 191 
210 3 
211 141 
212 174 
213 0 
214 7 
215 169 
216 3 
217 1 
218 1 
219 192 
220 150 
221 2 
222 172 
223 227 
224 0 
225 186 
226 1 
227 3 
228 229 
229 6 
230 14 
231 7 
232 205 
233 0 
234 3 
235 23 
236 4 
237 7 
238 69 
239 40 
240 25 
241 0 
242 105 
243 2 
244 32 
245 17 
246 5 
247 15 
248 77 
249 231 
250 5 
251 154 
252 25 
253 0 
254 0 
255 185 
256 2 
257 216 
258 163 
259 4 
260 102 
261 185 
262 2 
263 4 
264 5 
265 137 
266 44 
267 5 
268 10 
269 24 
270 156 
271 209 
272 226 
273 5 
274 35 
275 0 
276 229 
277 13 
278 166 
279 178 
280 26 
281 2 
282 23 
283 176 
284 171 
285 9 
286 67 
287 175 
288 216 
289 1 
290 177 
291 4 
292 5 
293 124 
294 10 
295 26 
296 230 
297 4 
298 1 
299 12 
300 197 
301 10 
302 0 
303 14 
304 10 
305 11 
306 232 
307 12 
308 210 
309 0 
310 6 
311 143 
312 0 
313 5 
314 232 
315 176 
316 203 
317 166 
318 107 
319 211 
320 196 
321 48 
322 12 
323 16 
324 25 
325 203 
326 4 
327 7 
328 149 
329 179 
330 0 
331 5 
332 204 
333 176 
334 36 
335 0 
336 26 
337 115 
338 159 
339 49 
340 231 
341 0 
342 29 
343 1 
344 10 
345 0 
346 105 
347 8 
348 0 
349 180 
350 1 
351 8 
352 191 
353 0 
354 0 
355 15 
356 2 
357 172 
358 5 
359 185 
360 0 
361 2 
362 32 
363 0 
364 175 
365 226 
366 5 
367 148 
368 173 
369 3 
370 9 
371 216 
372 10 
373 1 
374 7 
375 72 
376 184 
377 4 
378 110 
379 2 
380 5 
381 13 
382 143 
383 5 
384 149 
385 195 
386 24 
387 211 
388 9 
389 1 
390 7 
391 1 
392 116 
393 119 
394 177 
395 0 
396 0 
397 0 
398 0 
399 0 
400 235 
401 4 
402 215 
403 164 
404 173 
405 2 
406 5 
407 193 
408 227 
409 196 
410 13 
411 156 
412 204 
413 225 
414 224 
415 143 
416 5 
417 19 
418 116 
419 0 
420 5 
421 38 
422 0 
423 2 
424 173 
425 0 
426 32 
427 4 
428 20 
429 123 
430 3 
431 177 
432 208 
433 117 
434 204 
435 145 
436 0 
437 4 
438 180 
439 0 
440 2 
441 6 
442 0 
443 7 
444 213 
445 5 
446 3 
447 114 
448 122 
449 2 
450 28 
451 9 
452 2 
453 212 
454 0 
455 4 
456 3 
457 179 
458 154 
459 5 
460 3 
461 174 
462 5 
463 234 
464 5 
465 149 
466 169 
467 75 
468 16 
469 17 
470 24 
471 5 
472 10 
473 38 
474 1 
475 5 
476 214 
477 5 
478 186 
479 157 
480 8 
481 0 
482 1 
483 169 
484 201 
485 117 
486 7 
487 5 
488 2 
489 173 
490 3 
491 2 
492 12 
493 184 
494 0 
495 0 
496 4 
497 6 
498 193 
499 172 
500 214 
501 7 
502 5 
503 4 
504 0 
505 1 
506 5 
507 202 
508 192 
509 54 
510 154 
511 2 
512 124 
513 216 
514 0 
515 175 
516 78 
517 48 
518 115 
519 3 
520 190 
521 78 
522 0 
523 3 
524 157 
525 174 
526 0 
527 11 
528 188 
529 141 
530 3 
531 45 
532 0 
533 5 
534 10 
535 93 
536 188 
537 10 
538 0 
539 2 
540 4 
541 119 
542 5 
543 176 
544 6 
545 0 
546 8 
547 71 
548 17 
549 10 
550 0 
551 119 
552 173 
553 169 
554 4 
555 4 
556 6 
557 3 
558 0 
559 3 
560 149 
561 9 
562 174 
563 208 
564 4 
565 0 
566 1 
567 4 
568 4 
569 2 
570 151 
571 7 
572 8 
573 228 
574 211 
575 4 
576 5 
577 17 
578 4 
579 72 
580 175 
581 171 
582 205 
583 178 
584 1 
585 1 
586 6 
587 8 
588 163 
589 164 
590 15 
591 5 
592 180 
593 178 
594 193 
595 14 
596 5 
597 213 
598 3 
599 10 
600 174 
601 7 
602 12 
603 179 
604 17 
605 13 
606 9 
607 71 
608 59 
609 119 
610 0 
611 3 
612 5 
613 0 
614 180 
615 223 
616 141 
617 221 
618 230 
619 182 
620 0 
621 210 
622 3 
623 5 
624 187 
625 205 
626 172 
627 17 
628 183 
629 8 
630 2 
631 2 
632 1 
633 146 
634 5 
635 0 
636 15 
637 164 
638 0 
639 5 
640 3 
641 75 
642 199 
643 212 
644 35 
645 224 
646 120 
647 224 
648 1 
649 231 
650 0 
651 74 
652 231 
653 9 
654 24 
655 0 
656 7 
657 7 
658 229 
659 123 
660 203 
661 231 
662 11 
663 206 
664 231 
665 228 
666 21 
667 169 
668 11 
669 5 
670 0 
671 1 
672 231 
673 46 
674 199 
675 105 
676 5 
677 0 
678 97 
679 99 
680 187 
681 98 
682 213 
683 10 
684 5 
685 35 
686 0 
687 10 
688 5 
689 193 
690 188 
691 232 
692 6 
693 10 
694 11 
695 155 
696 9 
697 6 
698 3 
699 165 
700 34 
701 182 
702 9 
703 194 
704 5 
705 107 
706 5 
707 193 
708 7 
709 46 
710 5 
711 200 
712 6 
713 174 
714 5 
715 14 
716 217 
717 188 
718 160 
719 156 
720 123 
721 2 
722 7 
723 192 
724 111 
725 2 
726 10 
727 2 
728 174 
729 123 
730 7 
731 11 
732 4 
733 1 
734 6 
735 0 
736 4 
737 172 
738 151 
739 2 
740 119 
741 210 
742 1 
743 19 
744 4 
745 106 
746 10 
747 174 
748 4 
749 0 
750 3 
751 5 
752 160 
753 123 
754 4 
755 2 
756 0 
757 152 
758 6 
759 7 
760 174 
761 27 
762 3 
763 190 
764 206 
765 174 
766 6 
767 172 
768 7 
769 216 
770 152 
771 219 
772 4 
773 203 
774 1 
775 175 
776 1 
777 20 
778 151 
779 0 
780 5 
781 18 
782 56 
783 0 
784 74 
785 121 
786 3 
787 8 
788 181 
789 2 
790 3 
791 1 
792 233 
793 2 
794 227 
795 198 
796 13 
797 72 
798 220 
799 181 
800 0 
801 191 
802 154 
803 234 
804 223 
805 183 
806 172 
807 3 
808 6 
809 34 
810 0 
811 208 
812 104 
813 215 
814 216 
815 4 
816 189 
817 160 
818 170 
819 202 
820 0 
821 5 
822 189 
823 172 
824 4 
825 0 
826 0 
827 5 
828 183 
829 4 
830 203 
831 178 
832 2 
833 1 
834 151 
835 189 
836 6 
837 118 
838 2 
839 8 
840 0 
841 186 
842 11 
843 0 
844 34 
845 2 
846 0 
847 8 
848 173 
849 1 
850 2 
851 8 
852 0 
853 3 
854 18 
855 29 
856 0 
857 5 
858 105 
859 10 
860 108 
861 214 
862 168 
863 3 
864 173 
865 11 
866 214 
867 27 
868 4 
869 4 
870 3 
871 3 
872 56 
873 5 
874 1 
875 173 
876 2 
877 69 
878 230 
879 229 
880 0 
881 177 
882 146 
883 0 
884 58 
885 197 
886 12 
887 5 
888 121 
889 107 
890 6 
891 73 
892 9 
893 4 
894 228 
895 117 
896 3 
897 4 
898 108 
899 120 
900 0 
901 0 
902 190 
903 101 
904 98 
905 225 
906 10 
907 189 
908 0 
909 6 
910 9 
911 2 
912 32 
913 231 
914 72 
915 10 
916 71 
917 0 
918 13 
919 11 
920 5 
921 3 
922 5 
923 75 
924 4 
925 1 
926 0 
927 0 
928 2 
929 2 
930 4 
931 4 
932 152 
933 70 
934 2 
935 1 
936 2 
937 133 
938 7 
939 230 
940 159 
941 202 
942 27 
943 7 
944 11 
945 36 
946 5 
947 4 
948 188 
949 109 
950 3 
951 2 
952 5 
953 3 
954 177 
955 181 
956 5 
957 13 
958 227 
959 156 
960 3 
961 1 
962 52 
963 93 
964 3 
965 0 
966 0 
967 3 
968 176 
969 8 
970 150 
971 117 
972 15 
973 1 
974 0 
975 5 
976 2 
977 2 
978 2 
979 9 
980 26 
981 168 
982 1 
983 5 
984 194 
985 0 
986 212 
987 1 
988 35 
989 98 
990 10 
991 0 
992 4 
993 1 
994 9 
995 181 
996 177 
997 0 
998 6 
999 31 
