0 0
1 108
2 5
3 4
4 49
5 228
6 23
7 1
8 4
9 0
10 181
11 128
12 177
13 212
14 1
15 42
16 56
17 41
18 234
19 39
20 195
21 3
22 175
23 63
24 6
25 64
26 196
27 185
28 74
29 18
30 218
31 88
32 88
33 202
34 176
35 143
36 169
37 2
38 178
39 59
40 168
41 47
42 93
43 2
44 239
45 0
46 135
47 181
48 0
49 176
50 202
51 4
52 238
53 132
54 32
55 64
56 183
57 204
58 113
59 221
60 194
61 241
62 57
63 117
64 32
65 10
66 100
67 6
68 57
69 118
70 195
71 182
72 35
73 7
74 141
75 127
76 226
77 94
78 128
79 205
80 9
81 132
82 204
83 177
84 231
85 196
86 187
87 84
88 109
89 134
90 53
91 11
92 40
93 186
94 126
95 222
96 155
97 127
98 238
99 227
