0 140
1 219
2 229
3 0
4 175
5 59
6 164
7 69
8 201
9 0
10 217
11 90
12 1
13 230
14 172
15 38
16 17
17 235
18 20
20 232
21 55
22 0
23 53
24 56
25 138
26 194
27 53
28 10
29 45
30 39
31 16
32 235
33 59
34 90
35 217
36 15
37 177
38 69
39 215
40 236
41 194
42 16
43 6
44 12
45 9
46 181
47 218
48 90
49 219
50 199
51 214
52 39
54 69
55 28
56 202
57 182
58 18
59 195
60 96
61 181
62 12
63 205
64 183
65 222
66 230
67 19
68 215
69 235
70 48
71 188
72 236
73 99
74 221
75 186
76 75
77 203
78 189
79 22
80 13
81 209
82 200
83 186
84 193
85 222
86 220
87 127
88 132
89 223
90 182
91 118
92 154
93 174
94 231
95 61
96 16
97 77
98 227
99 189
100 179
101 38
102 237
103 226
104 151
105 14
106 186
107 4
108 2
109 124
111 238
112 146
113 177
114 200
115 216
116 231
117 23
118 74
119 33
120 19
121 200
122 129
123 178
124 121
125 0
126 64
127 225
128 87
129 6
130 13
131 119
132 57
133 231
134 73
135 40
136 206
137 171
139 63
140 76
141 181
142 90
143 3
144 40
145 39
146 197
147 123
148 142
149 228
150 140
151 5
152 235
153 18
154 189
155 204
156 202
157 224
158 66
159 38
160 233
161 184
162 81
163 238
164 61
165 2
166 1
167 189
168 139
169 200
170 191
171 199
172 23
173 112
174 126
175 0
176 130
177 218
178 221
179 70
180 236
181 210
182 127
183 200
184 39
185 168
186 105
187 130
188 56
189 181
190 1
191 127
192 91
193 56
194 10
195 91
196 1
197 169
198 190
199 127
200 1
201 45
202 0
203 11
204 168
205 199
206 21
207 146
208 91
209 66
210 225
211 40
212 99
213 125
214 0
215 89
216 1
217 164
218 143
219 126
220 0
221 200
222 1
223 222
225 0
226 49
227 146
228 219
229 117
230 219
231 96
232 28
233 1
234 109
235 173
236 56
238 191
239 215
240 237
241 71
242 139
243 91
244 56
245 189
246 217
247 4
248 239
250 227
251 4
252 235
253 200
254 229
255 220
256 0
257 51
258 125
259 71
260 126
261 171
262 95
263 9
264 187
265 177
266 12
267 55
268 210
270 110
271 233
272 8
273 34
274 1
275 0
276 121
277 147
278 236
279 44
280 57
281 188
282 99
283 218
284 55
285 237
287 28
288 228
289 98
290 0
291 200
292 221
293 32
294 103
295 61
296 6
297 87
298 179
299 28
300 4
301 55
302 0
303 0
304 60
305 1
306 207
307 202
308 184
309 49
310 129
311 56
312 31
313 168
314 213
315 0
316 40
317 173
318 171
319 102
320 0
321 229
322 175
323 219
324 232
325 4
326 71
327 222
328 227
329 91
330 73
332 227
333 96
334 53
335 0
336 177
337 225
338 91
339 207
340 5
341 233
342 38
343 172
344 154
345 175
346 129
347 119
348 131
349 193
350 89
351 227
352 188
353 209
354 40
355 227
356 65
357 74
358 12
359 38
360 223
361 17
362 37
363 219
364 122
366 206
367 58
368 40
369 0
370 207
371 190
372 95
373 179
374 191
375 221
376 6
377 217
378 225
379 184
380 71
381 16
382 0
383 193
384 228
385 229
386 207
388 216
389 170
390 56
391 237
392 91
393 50
394 190
395 3
396 206
397 65
398 6
399 210
400 5
401 47
402 123
403 202
404 17
405 204
406 120
407 226
408 19
409 104
410 182
411 191
412 215
413 184
414 92
415 209
416 54
417 99
418 185
419 3
420 229
421 35
422 215
423 120
424 21
425 134
427 224
428 215
429 16
430 189
431 196
432 194
433 184
434 228
435 23
436 231
437 86
438 183
439 192
440 234
441 237
442 196
443 200
444 196
445 60
446 52
447 114
448 180
449 223
450 211
451 114
452 216
453 62
454 63
456 19
457 131
458 181
460 236
461 190
462 175
463 14
464 0
465 197
466 218
467 176
468 130
469 96
470 188
471 202
472 210
473 189
474 107
475 70
476 191
478 86
479 51
480 181
481 48
482 123
483 87
484 44
485 202
486 190
487 208
488 139
489 188
490 27
491 9
492 6
494 171
495 39
496 153
497 121
498 6
499 71
500 62
501 178
502 227
503 192
504 117
505 44
506 64
507 216
508 18
509 191
510 194
511 237
512 196
513 0
514 93
516 93
517 83
518 141
519 178
520 90
521 200
522 0
523 126
524 144
525 172
526 0
527 59
528 0
529 35
530 210
531 187
532 21
533 32
534 53
535 7
536 7
537 209
538 229
539 179
540 13
541 229
542 46
543 46
544 211
545 69
546 209
547 72
548 195
549 233
550 239
551 2
552 225
553 221
554 15
555 177
556 133
557 188
558 126
559 226
561 94
562 240
563 0
564 6
565 56
566 0
567 68
568 228
569 149
570 4
571 131
572 187
573 12
574 189
575 235
576 224
577 147
578 177
579 205
580 203
581 94
582 233
583 94
584 236
585 8
586 58
587 6
588 230
589 233
590 179
591 194
592 225
593 167
594 207
595 236
596 38
597 0
598 97
599 180
600 1
601 179
602 76
603 35
604 206
605 213
606 165
607 3
608 70
609 196
610 226
611 33
612 104
613 150
614 51
615 89
616 202
617 0
618 227
619 1
620 61
621 125
623 177
624 201
625 1
626 206
627 130
628 0
629 148
630 199
631 70
632 90
633 229
634 196
635 193
636 98
637 177
638 114
639 108
640 0
641 194
642 0
643 4
644 161
645 14
646 189
647 4
648 208
649 229
650 239
651 237
652 53
653 218
654 191
655 179
656 60
657 58
658 0
659 139
660 184
661 224
662 192
663 127
664 0
665 37
666 196
667 233
668 152
669 24
670 215
671 100
672 92
673 20
674 47
675 238
677 223
678 99
679 184
680 65
681 216
683 183
684 226
685 108
686 35
687 175
688 180
689 67
690 65
691 119
692 113
693 217
694 49
695 51
696 224
697 19
698 170
699 197
700 173
701 129
702 205
703 46
704 208
705 85
706 5
707 209
708 55
709 197
710 2
711 54
712 178
713 0
714 52
715 68
716 26
717 236
718 234
719 227
720 1
721 218
722 222
723 153
724 210
725 146
726 122
727 36
728 137
729 226
730 1
731 126
732 122
733 68
734 106
735 213
736 54
737 5
738 207
739 89
740 202
741 34
742 168
743 108
744 147
745 67
746 230
747 99
748 176
749 164
750 124
751 194
752 219
753 6
754 223
755 218
756 207
757 194
758 139
759 226
762 8
763 39
764 197
765 207
766 229
767 114
768 110
769 125
770 176
771 232
772 235
773 9
774 92
775 190
776 46
777 73
778 177
779 204
780 231
781 68
782 237
783 101
784 5
785 197
786 227
787 192
788 62
789 88
790 198
791 184
792 194
793 196
794 105
795 140
796 12
797 208
798 0
799 0
800 224
801 206
802 3
803 175
804 58
805 178
806 16
807 58
808 212
809 222
810 200
811 5
812 214
813 205
814 66
815 216
816 186
817 212
818 13
819 175
820 156
821 234
822 32
823 53
824 2
825 238
826 225
827 0
828 27
829 48
830 227
832 14
833 192
834 236
835 192
836 212
837 121
838 199
839 176
840 3
841 57
842 193
843 49
844 0
845 201
846 91
847 20
848 223
849 196
850 1
851 32
852 50
853 133
854 183
855 231
856 14
857 4
859 15
860 169
861 224
862 196
863 222
864 212
865 224
866 91
867 176
868 8
869 0
870 174
871 221
872 125
873 219
874 5
875 100
876 207
877 26
878 52
879 56
880 129
881 88
882 0
883 185
884 13
885 226
886 141
887 139
888 209
889 17
890 21
891 93
892 199
893 180
894 61
895 63
896 94
897 165
898 178
899 65
900 128
901 200
902 213
903 34
904 120
905 234
906 217
907 210
908 229
909 200
910 30
911 87
912 180
913 193
914 220
915 48
916 185
917 22
918 206
919 153
920 209
921 215
922 102
923 219
925 221
926 50
927 229
928 201
929 183
930 3
931 182
932 98
933 131
934 228
936 70
937 19
938 28
939 0
940 22
941 181
942 188
943 173
944 189
945 2
946 178
948 0
949 4
950 9
951 14
952 0
953 74
954 233
955 213
956 192
957 213
958 52
959 241
960 99
961 40
962 70
963 10
964 186
965 193
966 229
967 156
968 236
969 41
970 42
971 0
972 115
973 16
974 21
975 15
976 204
977 199
978 187
979 0
980 207
981 47
982 57
983 220
984 136
986 8
987 169
988 201
989 16
990 55
991 202
992 58
993 112
994 7
995 2
996 194
997 215
998 14
999 174
