0 238 
1 240 
2 241 
3 238 
4 238 
5 241 
6 241 
7 240 
8 235 
9 232 
10 147 
11 239 
12 241 
13 214 
14 225 
15 237 
17 239 
18 238 
19 235 
20 237 
22 236 
23 239 
24 236 
25 237 
26 239 
27 239 
28 238 
29 236 
30 225 
31 241 
32 237 
33 241 
34 68 
35 238 
36 240 
37 241 
38 103 
39 233 
40 68 
41 232 
42 237 
43 241 
44 229 
46 232 
48 208 
49 235 
50 240 
51 239 
52 228 
53 222 
54 237 
55 23 
57 100 
58 235 
59 233 
60 235 
61 25 
62 232 
63 240 
64 235 
65 241 
66 237 
67 239 
68 82 
71 237 
72 230 
73 234 
74 236 
75 237 
76 234 
77 226 
78 238 
79 241 
80 236 
81 228 
82 241 
83 237 
84 234 
85 235 
86 239 
87 231 
88 241 
90 238 
91 232 
92 234 
93 240 
95 232 
96 22 
97 239 
98 233 
99 233 
101 172 
102 236 
103 238 
104 226 
105 171 
106 239 
107 241 
108 233 
109 240 
110 238 
111 231 
112 241 
113 238 
115 239 
116 235 
117 237 
118 239 
119 237 
120 230 
121 236 
122 2 
123 231 
124 234 
125 230 
126 217 
127 98 
128 234 
129 241 
130 238 
131 238 
132 234 
133 204 
134 239 
135 225 
136 237 
137 241 
138 241 
139 238 
140 241 
141 240 
142 238 
143 15 
146 238 
147 231 
149 22 
150 234 
151 227 
152 239 
153 230 
154 231 
155 238 
156 228 
157 238 
158 232 
159 233 
160 222 
161 230 
162 239 
163 241 
165 233 
166 236 
167 236 
168 232 
169 239 
170 240 
171 228 
172 237 
173 239 
174 235 
175 228 
176 76 
177 241 
178 239 
180 137 
182 241 
183 232 
184 235 
185 236 
186 234 
187 231 
188 223 
189 232 
190 241 
191 238 
192 238 
195 236 
196 235 
197 234 
198 235 
199 239 
201 235 
202 233 
203 234 
204 241 
205 225 
206 241 
207 232 
208 241 
209 241 
210 233 
211 59 
212 241 
213 241 
214 229 
215 240 
216 238 
217 232 
218 236 
219 239 
221 234 
222 238 
223 238 
224 240 
225 238 
226 225 
227 241 
228 233 
229 240 
230 235 
231 238 
232 241 
233 237 
234 239 
235 237 
236 238 
237 237 
238 234 
239 238 
240 233 
241 236 
242 235 
243 186 
244 236 
246 240 
247 238 
248 169 
249 234 
250 241 
252 240 
253 115 
254 240 
255 108 
256 237 
257 236 
258 239 
259 234 
261 239 
263 240 
264 240 
266 239 
267 195 
268 236 
270 224 
271 237 
272 235 
273 224 
274 235 
275 233 
277 240 
278 237 
279 238 
280 241 
281 236 
282 235 
283 227 
284 208 
285 230 
286 239 
287 197 
288 241 
289 241 
290 238 
291 227 
292 239 
293 240 
294 239 
295 236 
296 234 
297 233 
298 236 
299 241 
300 238 
302 235 
303 238 
304 232 
305 230 
306 240 
307 230 
308 240 
309 235 
310 236 
311 236 
312 234 
313 241 
314 240 
315 230 
316 52 
317 8 
318 231 
319 240 
321 234 
322 236 
323 172 
324 219 
325 230 
327 237 
328 230 
329 31 
330 234 
331 237 
332 231 
333 237 
334 238 
335 232 
336 237 
337 239 
338 234 
339 238 
340 237 
341 240 
342 241 
344 240 
346 236 
347 241 
349 239 
350 241 
351 227 
352 230 
353 238 
355 235 
356 228 
357 231 
358 163 
359 241 
360 75 
362 226 
363 109 
364 4 
365 236 
366 237 
367 237 
369 239 
370 181 
371 240 
372 235 
374 127 
375 180 
378 190 
379 230 
380 236 
381 237 
383 234 
384 236 
385 237 
386 215 
387 223 
388 232 
389 239 
390 238 
391 235 
392 230 
393 230 
394 229 
395 240 
397 233 
398 236 
399 232 
400 237 
401 232 
402 181 
403 240 
404 235 
405 236 
406 231 
407 227 
408 236 
409 237 
410 237 
411 238 
412 54 
413 238 
414 191 
415 233 
416 231 
418 235 
419 233 
420 232 
421 237 
422 232 
424 226 
425 238 
426 233 
427 240 
428 232 
429 236 
430 236 
431 230 
433 237 
434 238 
435 235 
437 3 
438 235 
439 237 
440 106 
441 66 
442 236 
443 234 
444 235 
445 228 
446 240 
447 235 
448 235 
449 240 
450 235 
453 236 
454 240 
455 238 
457 235 
458 223 
459 236 
460 236 
462 241 
463 235 
464 137 
465 239 
466 236 
467 237 
468 235 
469 241 
471 239 
474 239 
476 239 
477 240 
478 226 
480 236 
482 238 
483 223 
484 233 
485 239 
486 232 
487 238 
488 232 
489 238 
490 235 
491 238 
492 236 
493 221 
494 237 
495 240 
496 239 
497 239 
498 240 
499 240 
500 238 
501 233 
502 238 
503 235 
505 232 
506 238 
507 238 
508 241 
509 199 
510 233 
511 238 
512 234 
513 240 
515 240 
516 237 
518 224 
519 232 
520 238 
521 224 
522 239 
523 236 
524 49 
526 176 
527 237 
528 239 
529 226 
530 241 
531 234 
532 239 
533 240 
534 238 
535 241 
536 232 
537 234 
538 235 
539 238 
540 228 
541 241 
542 240 
544 237 
545 237 
546 227 
547 239 
548 233 
549 240 
550 236 
551 234 
552 241 
553 231 
554 237 
555 235 
557 240 
558 144 
559 238 
560 234 
561 240 
562 152 
563 241 
564 235 
565 240 
566 231 
567 230 
568 235 
569 241 
570 240 
571 237 
572 237 
573 237 
574 235 
575 236 
576 237 
577 241 
578 215 
580 236 
581 241 
582 234 
583 238 
584 22 
585 232 
586 241 
587 240 
590 233 
591 237 
592 234 
593 237 
594 135 
595 237 
596 228 
597 235 
599 229 
600 236 
601 230 
602 224 
603 222 
605 238 
607 241 
608 236 
609 82 
610 238 
611 229 
612 231 
614 231 
615 237 
619 239 
620 233 
621 232 
622 201 
624 225 
625 240 
626 240 
627 240 
628 240 
629 30 
630 229 
631 235 
632 238 
633 238 
634 234 
636 232 
637 231 
638 240 
639 240 
640 241 
641 239 
642 227 
643 240 
644 240 
645 232 
648 215 
649 233 
650 237 
652 237 
653 241 
654 239 
655 57 
657 236 
659 240 
660 240 
661 238 
662 241 
663 241 
664 238 
665 237 
666 239 
667 235 
668 235 
669 229 
670 135 
671 105 
672 236 
673 241 
674 24 
675 237 
676 231 
677 240 
678 238 
679 240 
680 241 
681 240 
684 238 
685 231 
687 235 
688 236 
689 238 
690 192 
691 226 
692 240 
693 237 
696 235 
697 235 
698 233 
699 230 
700 236 
701 241 
702 239 
703 240 
704 237 
705 236 
706 143 
707 237 
708 240 
709 235 
710 124 
711 234 
712 234 
713 238 
715 240 
716 239 
717 232 
719 235 
720 13 
721 236 
722 99 
723 221 
725 240 
726 209 
727 240 
728 211 
729 239 
730 230 
731 229 
732 241 
733 137 
734 231 
735 237 
736 69 
737 221 
738 223 
739 236 
740 237 
741 107 
742 233 
743 230 
744 239 
745 237 
746 235 
747 241 
749 239 
750 234 
751 237 
752 240 
754 240 
755 215 
756 241 
757 241 
758 232 
759 235 
760 234 
761 238 
762 240 
763 234 
765 230 
766 241 
767 238 
768 236 
769 237 
770 234 
773 239 
774 235 
775 240 
776 235 
777 235 
779 233 
780 239 
781 240 
782 229 
783 241 
784 235 
785 232 
786 239 
787 237 
788 234 
789 238 
790 238 
791 240 
792 217 
793 224 
794 98 
795 234 
797 228 
798 241 
799 43 
800 224 
801 240 
802 230 
803 237 
805 233 
806 238 
807 238 
808 221 
809 237 
810 241 
811 239 
812 239 
814 239 
816 235 
817 236 
818 239 
819 234 
820 188 
821 236 
822 49 
823 240 
824 241 
825 238 
826 235 
827 231 
829 18 
831 186 
832 239 
833 240 
834 238 
835 237 
836 232 
837 240 
838 233 
840 240 
841 229 
842 50 
844 241 
845 227 
846 241 
847 165 
848 231 
849 234 
851 240 
852 232 
854 241 
855 235 
856 228 
858 226 
859 236 
860 234 
861 237 
862 237 
863 241 
864 228 
865 238 
866 234 
867 240 
868 228 
869 236 
870 240 
871 235 
872 234 
873 239 
874 232 
875 235 
876 240 
877 235 
878 222 
879 239 
880 229 
881 241 
883 239 
884 239 
886 236 
888 228 
889 241 
890 237 
891 229 
892 240 
893 235 
894 233 
895 178 
896 233 
897 233 
898 240 
899 239 
900 241 
901 236 
902 232 
903 233 
904 239 
905 233 
906 40 
907 141 
908 239 
909 112 
910 241 
911 240 
912 234 
913 237 
914 241 
915 239 
916 138 
917 229 
918 241 
919 232 
920 57 
921 238 
923 236 
924 236 
925 239 
926 238 
927 234 
928 227 
929 241 
930 237 
932 235 
933 227 
934 231 
935 239 
936 241 
937 229 
938 240 
939 233 
940 231 
942 232 
943 240 
944 231 
945 235 
946 238 
947 240 
948 241 
949 236 
950 236 
951 235 
952 238 
953 235 
954 233 
955 233 
956 231 
957 241 
958 235 
959 236 
960 241 
962 233 
964 208 
965 238 
967 239 
968 226 
969 239 
970 231 
971 237 
973 232 
974 239 
976 236 
977 240 
978 229 
979 236 
981 136 
982 233 
983 239 
984 231 
985 152 
986 232 
987 10 
989 229 
990 236 
991 53 
992 237 
995 188 
996 237 
997 230 
998 241 
999 229 
1000 130 
1001 230 
1002 165 
1003 241 
1004 228 
1005 240 
1006 238 
1007 228 
1008 239 
1009 220 
1010 239 
1011 235 
1012 231 
1013 234 
1015 235 
1016 241 
1017 238 
1018 231 
1019 240 
1020 234 
1021 221 
1023 240 
1024 235 
1025 235 
1026 231 
1027 238 
1028 240 
1029 226 
1030 234 
1033 235 
1034 232 
1035 238 
1036 233 
1037 236 
1038 239 
1039 241 
1040 236 
1041 239 
1042 236 
1043 11 
1044 233 
1045 233 
1046 232 
1047 237 
1048 239 
1049 241 
1050 241 
1051 148 
1052 234 
1053 236 
1054 241 
1055 241 
1056 237 
1057 238 
1059 234 
1060 232 
1061 234 
1062 4 
1063 240 
1064 238 
1065 238 
1066 239 
1067 231 
1069 49 
1070 233 
1071 235 
1072 144 
1073 239 
1074 236 
1076 240 
1077 239 
1078 232 
1079 241 
1080 236 
1081 231 
1082 241 
1083 147 
1084 241 
1086 237 
1087 233 
1088 240 
1089 240 
1090 239 
1091 232 
1092 238 
1093 233 
1095 235 
1096 240 
1097 198 
1098 239 
1099 235 
1100 241 
1101 234 
1102 241 
1103 85 
1104 238 
1105 232 
1106 239 
1107 235 
1108 238 
1109 241 
1110 240 
1111 230 
1113 237 
1114 232 
1115 241 
1116 237 
1117 240 
1118 231 
1119 231 
1120 240 
1121 240 
1122 238 
1123 30 
1124 227 
1125 235 
1126 136 
1127 235 
1128 235 
1129 241 
1130 238 
1131 233 
1132 238 
1133 240 
1134 97 
1135 239 
1136 232 
1137 229 
1138 228 
1139 240 
1140 233 
1142 234 
1143 234 
1144 238 
1146 225 
1147 233 
1148 234 
1149 220 
1151 236 
1152 233 
1153 237 
1154 233 
1155 241 
1156 235 
1157 167 
1158 241 
1160 229 
1162 237 
1164 239 
1165 233 
1166 219 
1167 233 
1169 234 
1170 235 
1171 239 
1172 241 
1173 241 
1174 241 
1175 235 
1176 235 
1177 238 
1178 155 
1179 241 
1180 227 
1181 239 
1182 241 
1183 229 
1184 241 
1186 239 
1187 233 
1188 239 
1189 239 
1190 229 
1191 241 
1192 240 
1193 235 
1194 241 
1195 236 
1197 237 
1198 234 
1199 241 
1200 241 
1201 236 
1202 229 
1203 235 
1204 237 
1205 239 
1206 240 
1207 240 
1208 233 
1209 236 
1210 227 
1211 209 
1212 232 
1213 230 
1214 235 
1215 240 
1216 229 
1217 230 
1219 237 
1220 239 
1221 238 
1222 240 
1223 177 
1224 227 
1225 233 
1226 237 
1227 237 
1228 234 
1229 237 
1230 231 
1232 233 
1233 235 
1234 233 
1235 221 
1236 238 
1237 232 
1238 241 
1239 239 
1240 240 
1241 240 
1243 238 
1244 117 
1245 237 
1246 233 
1247 76 
1249 233 
1250 240 
1251 238 
1252 230 
1253 222 
1254 236 
1255 237 
1256 240 
1257 241 
1258 237 
1259 237 
1260 230 
1262 238 
1263 240 
1264 220 
1265 227 
1266 237 
1267 231 
1268 229 
1269 235 
1270 228 
1271 236 
1272 155 
1273 236 
1274 239 
1275 224 
1276 239 
1277 231 
1279 228 
1280 219 
1282 239 
1284 235 
1286 236 
1287 237 
1288 235 
1289 239 
1290 239 
1291 235 
1292 239 
1293 123 
1294 126 
1295 238 
1296 235 
1297 231 
1298 239 
1299 238 
1300 226 
1301 231 
1302 235 
1304 236 
1305 239 
1306 241 
1307 237 
1308 14 
1309 235 
1310 241 
1311 219 
1313 239 
1314 199 
1315 234 
1316 241 
1317 236 
1318 240 
1319 231 
1320 236 
1321 241 
1322 239 
1323 22 
1324 232 
1326 240 
1327 231 
1328 241 
1329 240 
1330 227 
1331 237 
1332 237 
1333 240 
1334 187 
1335 224 
1336 235 
1337 238 
1338 229 
1339 225 
1340 237 
1341 236 
1343 241 
1344 241 
1346 237 
1347 230 
1349 227 
1350 238 
1351 227 
1352 227 
1353 231 
1354 240 
1355 241 
1356 235 
1357 231 
1358 241 
1359 241 
1360 177 
1361 234 
1362 239 
1363 236 
1364 235 
1365 231 
1366 234 
1367 239 
1368 241 
1369 241 
1370 236 
1371 226 
1372 236 
1373 239 
1374 238 
1375 237 
1376 231 
1377 227 
1378 240 
1379 233 
1380 238 
1381 236 
1382 240 
1383 231 
1385 237 
1386 234 
1387 237 
1388 238 
1389 227 
1390 233 
1391 241 
1392 165 
1393 232 
1394 240 
1395 241 
1396 234 
1397 239 
1398 234 
1399 234 
1400 240 
1401 236 
1402 232 
1403 225 
1404 237 
1405 229 
1406 241 
1407 241 
1408 236 
1409 240 
1410 221 
1412 236 
1413 240 
1415 241 
1417 117 
1418 241 
1419 239 
1421 241 
1422 241 
1423 241 
1424 229 
1425 233 
1426 238 
1427 236 
1428 238 
1429 233 
1430 239 
1431 157 
1434 238 
1435 241 
1436 236 
1437 239 
1438 239 
1439 237 
1440 240 
1441 238 
1442 222 
1443 228 
1444 124 
1446 238 
1447 36 
1448 233 
1449 236 
1450 241 
1451 240 
1452 238 
1453 233 
1454 234 
1455 241 
1456 232 
1457 241 
1458 235 
1459 237 
1460 240 
1461 239 
1462 229 
1463 235 
1464 139 
1465 240 
1467 240 
1468 233 
1469 239 
1470 239 
1471 233 
1472 241 
1473 239 
1474 237 
1475 232 
1476 235 
1477 231 
1478 240 
1479 227 
1480 232 
1481 26 
1482 231 
1484 233 
1485 235 
1487 229 
1488 54 
1489 240 
1490 149 
1491 234 
1492 241 
1493 240 
1494 234 
1495 237 
1496 241 
1498 238 
1499 240 
