0 1
1 0
2 4
3 228
4 25
5 35
6 212
7 1
8 198
9 193
10 135
11 1
12 2
13 44
14 0
15 158
16 0
17 102
18 133
19 36
20 94
22 90
23 2
24 12
25 71
26 26
27 237
28 227
29 94
30 154
31 216
32 232
33 191
34 23
35 119
36 235
37 129
38 38
39 152
40 40
41 2
42 43
43 171
44 232
45 160
46 36
47 163
48 39
49 42
50 206
51 82
52 26
53 50
54 0
55 1
56 185
57 210
58 112
59 215
60 0
62 105
63 234
66 52
67 107
68 0
69 28
70 175
71 2
72 0
73 150
74 94
75 229
76 49
77 62
78 0
79 89
81 1
82 89
83 185
84 67
85 101
86 208
87 0
88 32
89 2
90 34
91 214
92 136
93 0
94 234
95 52
96 25
97 176
98 214
99 176
100 172
101 213
102 0
103 145
104 168
105 84
106 232
107 123
108 176
109 89
110 1
111 7
112 102
113 109
114 34
115 154
116 53
117 98
118 3
120 117
121 233
122 25
123 150
124 225
125 0
127 209
128 54
129 113
130 176
131 77
132 3
133 213
134 222
135 50
136 224
137 50
138 210
139 205
140 210
141 109
142 206
143 220
144 3
145 233
146 92
147 121
148 120
149 141
150 13
151 92
152 1
153 221
154 196
155 79
156 128
157 164
158 23
159 123
160 82
161 232
162 238
163 213
164 219
165 44
166 1
167 7
168 8
169 236
170 105
171 92
172 163
173 178
174 217
175 2
176 54
177 81
178 28
179 160
180 22
181 232
182 0
183 0
184 24
185 191
186 171
187 103
188 0
189 0
190 43
193 165
195 138
196 204
197 205
198 236
199 218
200 149
202 161
203 152
204 0
205 1
206 26
207 153
209 126
210 52
211 92
212 222
213 96
214 5
215 205
216 199
217 2
218 123
219 43
220 72
221 8
222 55
223 29
224 0
225 3
226 115
227 234
228 212
229 123
230 0
231 207
232 222
234 135
235 84
236 0
237 100
238 216
239 77
240 174
241 120
242 125
243 99
244 54
245 234
247 146
248 167
249 0
250 18
251 234
252 237
253 0
254 213
255 39
256 114
258 17
259 2
260 86
261 136
262 212
263 20
264 1
265 36
266 132
267 206
269 39
271 5
272 29
273 2
274 96
276 174
277 98
278 53
280 231
281 149
282 151
283 144
284 120
285 164
286 19
287 122
288 194
289 215
290 226
291 0
292 151
293 54
294 190
295 103
296 140
297 93
298 205
299 103
300 206
301 221
302 168
303 216
304 141
305 12
306 2
307 53
308 195
309 196
310 212
311 136
312 133
313 0
314 18
315 28
316 230
317 208
318 133
319 4
320 37
321 160
322 190
323 122
324 229
325 122
327 236
328 80
329 123
330 22
331 155
332 90
333 220
334 3
335 42
336 118
337 174
338 117
339 206
340 165
341 54
342 30
343 215
344 122
345 4
346 228
347 224
348 23
349 170
350 164
351 76
352 199
353 188
354 0
356 50
357 204
358 90
359 119
361 91
362 12
363 0
364 190
365 1
366 52
367 68
368 189
370 133
371 226
372 0
373 0
374 205
375 48
376 201
377 187
378 55
379 188
380 162
381 116
382 8
383 36
384 0
385 114
386 29
387 22
388 24
389 204
391 106
392 49
393 3
394 227
395 26
396 231
397 0
398 185
399 231
400 118
401 52
402 120
403 35
404 1
405 124
406 3
407 124
410 46
411 91
412 210
413 53
414 96
415 205
416 156
417 219
418 2
419 0
420 175
421 168
422 0
423 188
424 167
425 152
426 167
427 34
428 48
429 0
430 25
431 94
433 152
434 26
435 11
436 146
437 5
438 208
439 10
440 159
441 10
442 140
443 114
444 144
445 162
446 70
447 37
448 158
450 1
451 208
452 103
453 2
454 44
455 21
456 123
457 215
458 124
460 93
461 17
462 3
463 52
464 72
465 25
466 3
467 232
468 6
469 188
470 212
471 217
472 220
474 92
475 4
476 236
477 152
478 187
479 178
480 0
481 237
482 101
483 26
484 54
485 0
486 130
487 224
488 136
490 128
491 0
492 136
493 109
494 37
495 97
496 174
497 170
498 4
499 194
