0 237 
1 237 
2 232 
3 237 
4 237 
5 237 
6 237 
7 237 
8 237 
9 237 
10 237 
11 237 
12 237 
13 237 
14 237 
15 232 
16 237 
17 237 
18 237 
19 232 
20 237 
23 237 
24 237 
25 232 
26 237 
28 237 
29 237 
30 237 
31 237 
32 210 
33 237 
34 237 
35 237 
36 237 
38 237 
39 237 
40 237 
42 232 
43 237 
44 237 
45 237 
46 172 
47 237 
48 237 
49 237 
50 232 
52 3 
53 237 
54 237 
55 237 
57 237 
59 237 
60 232 
61 237 
62 232 
63 237 
65 237 
66 227 
67 237 
68 237 
69 232 
70 237 
71 232 
72 237 
73 71 
74 237 
75 232 
76 237 
77 237 
78 112 
80 237 
81 237 
84 237 
85 227 
86 237 
87 232 
89 227 
90 237 
94 232 
96 237 
97 234 
98 74 
99 234 
