9 0 
14 3 
16 0 
20 0 
24 0 
35 0 
40 171 
67 0 
85 144 
95 0 
107 0 
122 0 
132 0 
189 0 
206 3 
224 0 
236 0 
238 0 
252 32 
270 0 
271 17 
275 7 
280 0 
285 0 
312 0 
325 0 
333 0 
347 0 
375 0 
378 0 
394 0 
412 0 
424 16 
432 0 
442 77 
451 0 
462 0 
463 0 
482 0 
507 62 
512 0 
527 0 
539 0 
549 0 
554 0 
555 0 
558 116 
578 0 
590 0 
601 0 
602 0 
644 0 
651 0 
679 0 
683 0 
687 93 
690 127 
693 0 
695 0 
703 0 
711 0 
718 0 
719 0 
720 0 
724 0 
733 0 
741 131 
765 0 
774 0 
777 0 
784 106 
798 0 
803 123 
814 3 
836 0 
848 0 
877 0 
881 0 
904 0 
909 185 
910 0 
921 218 
928 0 
945 0 
953 0 
955 0 
956 0 
965 0 
972 0 
977 180 
983 0 
997 0 
999 196 
1006 0 
1017 3 
1052 0 
1053 0 
1059 99 
1089 0 
1099 0 
1126 0 
1129 0 
1147 0 
1149 0 
1152 0 
1168 0 
1169 0 
1176 0 
1193 0 
1206 0 
1222 176 
1237 180 
1250 0 
1251 0 
1263 0 
1275 0 
1278 0 
1281 57 
1283 0 
1285 0 
1298 0 
1303 0 
1323 76 
1327 173 
1334 0 
1339 0 
1343 0 
1366 0 
1372 0 
1378 0 
1387 0 
1392 0 
1396 16 
1421 73 
1427 196 
1430 0 
1462 0 
1463 1 
1464 3 
1465 3 
1466 95 
1467 2 
1468 37 
1469 3 
1470 0 
1471 3 
1472 3 
1473 3 
1474 1 
1475 3 
1476 3 
1477 3 
1478 3 
1479 3 
1480 0 
1481 3 
1482 3 
1483 3 
1484 2 
1485 3 
1486 3 
1487 3 
1488 3 
1489 25 
1490 3 
1491 3 
1492 3 
1493 120 
1494 165 
1495 3 
1496 3 
1497 3 
1498 3 
1499 118 
