0 237 
1 237 
2 237 
3 237 
4 237 
5 237 
6 237 
7 237 
8 237 
9 237 
10 237 
11 237 
12 237 
13 237 
14 237 
15 237 
16 237 
17 237 
18 237 
19 237 
20 237 
21 237 
22 237 
23 237 
24 237 
25 237 
26 237 
27 237 
28 237 
29 237 
30 237 
31 237 
32 210 
33 237 
34 237 
35 237 
36 237 
37 237 
38 232 
39 237 
40 237 
41 91 
42 237 
43 237 
44 237 
45 237 
46 172 
47 237 
48 237 
49 237 
50 237 
51 237 
52 3 
53 237 
54 237 
55 237 
56 237 
57 237 
58 237 
59 237 
60 237 
61 237 
62 232 
63 237 
64 237 
65 237 
66 237 
67 237 
68 237 
69 237 
70 237 
71 237 
72 237 
73 71 
74 237 
75 237 
76 237 
77 237 
78 112 
79 237 
80 237 
81 237 
82 237 
83 237 
84 237 
85 237 
86 237 
87 237 
88 237 
90 237 
91 237 
92 237 
93 237 
94 232 
95 237 
96 237 
97 237 
98 74 
99 53 
100 237 
101 237 
102 237 
104 237 
105 237 
106 237 
108 237 
109 237 
110 237 
111 237 
112 237 
113 237 
114 237 
115 237 
116 237 
117 237 
118 237 
119 237 
120 237 
121 237 
122 237 
123 237 
124 237 
125 69 
126 237 
127 237 
128 198 
129 237 
130 237 
131 237 
132 232 
133 237 
134 237 
135 237 
136 237 
137 237 
138 237 
139 237 
140 237 
141 237 
142 237 
143 237 
144 237 
145 237 
146 237 
147 194 
148 237 
149 237 
150 237 
151 237 
152 237 
153 237 
154 232 
155 102 
156 237 
157 237 
158 237 
159 237 
160 110 
161 237 
163 35 
164 237 
165 237 
166 237 
167 237 
168 237 
169 237 
170 237 
171 237 
172 237 
173 237 
174 237 
175 232 
176 237 
177 237 
178 237 
179 107 
180 237 
181 237 
182 232 
183 237 
184 237 
185 237 
186 237 
187 237 
188 237 
189 237 
190 237 
191 237 
192 2 
193 235 
194 237 
195 237 
196 237 
197 237 
198 237 
199 237 
200 237 
201 237 
202 237 
203 237 
204 237 
205 237 
206 237 
207 237 
208 237 
209 237 
210 237 
211 236 
212 237 
213 232 
214 41 
215 180 
216 212 
217 233 
218 237 
219 237 
220 233 
221 141 
222 237 
223 236 
224 237 
225 237 
226 237 
227 235 
228 233 
229 237 
230 237 
231 237 
232 237 
233 237 
234 237 
235 237 
236 232 
237 137 
238 237 
239 237 
240 232 
241 235 
242 237 
243 233 
244 40 
245 233 
246 16 
247 237 
248 232 
249 233 
250 237 
251 233 
252 127 
253 237 
255 237 
256 237 
257 237 
258 237 
259 237 
260 233 
261 237 
262 237 
264 237 
265 237 
266 232 
267 237 
268 232 
270 232 
271 234 
272 233 
273 237 
274 237 
275 237 
276 237 
277 178 
278 237 
279 237 
280 65 
281 237 
282 237 
283 237 
284 237 
285 120 
286 235 
287 97 
288 233 
289 237 
290 234 
291 233 
292 106 
293 232 
294 237 
295 78 
296 235 
297 237 
299 233 
300 237 
301 233 
302 232 
303 232 
304 232 
305 13 
306 237 
307 237 
308 232 
309 237 
310 237 
311 233 
313 232 
314 232 
315 237 
316 237 
317 233 
318 237 
319 233 
320 205 
321 227 
322 232 
323 237 
324 237 
325 237 
326 232 
327 87 
328 233 
329 237 
330 237 
331 232 
332 237 
333 237 
334 237 
336 233 
337 187 
338 232 
339 237 
340 232 
341 235 
342 237 
343 237 
344 32 
345 232 
346 107 
347 237 
348 237 
349 237 
350 232 
351 237 
352 192 
353 232 
355 237 
356 237 
357 232 
358 232 
359 232 
360 237 
361 237 
362 232 
363 233 
364 237 
365 233 
366 237 
367 232 
368 233 
369 232 
370 232 
371 232 
373 133 
374 237 
375 237 
376 232 
377 232 
378 147 
379 234 
380 237 
381 232 
382 232 
383 237 
384 232 
385 175 
386 232 
387 232 
388 232 
389 232 
390 124 
391 234 
392 232 
393 232 
394 232 
395 92 
396 101 
397 237 
398 235 
399 233 
400 232 
401 71 
402 232 
403 232 
404 232 
405 232 
406 237 
407 228 
408 232 
409 237 
410 237 
411 232 
412 237 
413 232 
414 237 
415 232 
416 232 
417 233 
419 237 
420 232 
421 232 
423 31 
424 237 
425 237 
426 237 
427 237 
428 237 
429 232 
430 232 
431 232 
432 232 
433 232 
434 232 
435 228 
436 232 
437 233 
438 237 
439 232 
440 232 
441 232 
442 232 
443 229 
444 214 
446 232 
447 232 
448 237 
450 229 
451 237 
452 224 
453 237 
454 232 
455 233 
456 236 
457 232 
458 233 
459 227 
460 232 
461 237 
462 233 
463 237 
464 231 
465 237 
466 230 
467 237 
468 232 
470 229 
471 230 
472 237 
474 237 
475 233 
476 227 
477 237 
479 166 
480 237 
481 232 
482 233 
483 237 
484 232 
485 152 
486 232 
487 237 
488 231 
489 229 
490 230 
491 237 
492 231 
493 228 
494 232 
495 230 
496 41 
497 228 
498 232 
499 232 
500 232 
501 232 
502 228 
503 232 
504 51 
505 229 
506 229 
507 232 
508 232 
510 237 
511 233 
512 237 
513 237 
514 237 
515 232 
516 237 
517 232 
518 237 
520 228 
521 237 
522 237 
523 235 
524 228 
525 232 
526 0 
527 230 
528 232 
529 146 
530 237 
531 11 
533 237 
534 227 
535 109 
536 237 
537 229 
538 236 
539 208 
540 237 
541 156 
542 227 
543 228 
544 237 
545 237 
546 232 
547 232 
548 229 
549 227 
550 237 
551 232 
552 232 
553 232 
554 232 
555 89 
558 229 
559 232 
560 228 
561 232 
562 237 
563 232 
564 232 
565 228 
567 228 
568 229 
569 228 
570 228 
571 237 
572 228 
573 233 
574 234 
575 232 
576 232 
577 157 
578 235 
579 231 
580 233 
581 237 
582 232 
583 221 
584 229 
585 235 
586 232 
587 232 
588 232 
589 232 
590 226 
591 228 
592 227 
593 227 
594 233 
595 227 
597 227 
598 232 
599 232 
600 228 
601 237 
603 232 
604 235 
605 232 
606 233 
607 232 
608 228 
609 227 
611 106 
612 113 
613 232 
614 232 
615 232 
616 232 
617 232 
618 232 
619 232 
620 232 
621 232 
622 164 
623 153 
626 119 
627 230 
628 232 
629 147 
630 228 
631 232 
632 232 
633 227 
634 233 
635 232 
636 232 
637 228 
639 232 
640 231 
641 224 
642 226 
643 227 
644 230 
645 232 
646 232 
647 231 
648 232 
650 227 
651 207 
652 225 
653 17 
654 232 
655 229 
656 223 
657 225 
658 233 
659 232 
660 228 
662 227 
663 232 
664 232 
666 227 
667 232 
668 232 
669 232 
670 228 
671 233 
672 232 
674 232 
675 232 
676 232 
678 229 
680 232 
681 224 
682 224 
683 232 
685 63 
686 232 
687 183 
688 224 
689 227 
690 227 
691 232 
692 227 
693 227 
694 232 
696 232 
697 232 
698 224 
699 224 
700 232 
701 232 
702 227 
703 232 
704 227 
705 232 
706 227 
707 232 
708 232 
709 232 
710 232 
711 232 
712 227 
713 232 
714 227 
715 227 
716 229 
717 227 
718 226 
719 234 
720 227 
721 232 
722 225 
723 230 
724 228 
725 224 
726 231 
727 232 
729 232 
730 230 
731 232 
732 232 
733 108 
734 154 
735 232 
736 232 
737 232 
738 228 
739 228 
740 224 
741 229 
742 232 
743 227 
746 225 
747 224 
748 233 
750 79 
751 227 
752 223 
753 232 
754 232 
755 232 
757 232 
758 228 
759 227 
760 227 
761 230 
762 133 
763 226 
764 232 
765 223 
766 224 
767 227 
768 230 
769 227 
771 231 
772 232 
773 232 
774 232 
775 232 
776 232 
779 58 
781 110 
784 94 
785 223 
786 222 
787 232 
788 232 
789 230 
790 223 
791 232 
792 234 
793 223 
794 227 
795 232 
796 147 
797 230 
798 228 
799 229 
800 77 
801 232 
802 26 
803 232 
804 232 
805 227 
806 232 
807 228 
809 105 
811 228 
812 227 
813 230 
814 228 
815 227 
816 228 
817 222 
818 232 
819 232 
820 232 
821 36 
822 232 
823 212 
826 171 
827 232 
828 232 
829 228 
830 232 
831 232 
832 227 
833 223 
834 230 
835 221 
836 223 
838 221 
839 219 
841 222 
842 227 
843 227 
844 228 
846 227 
847 232 
848 229 
849 94 
850 232 
851 232 
853 232 
854 35 
856 228 
857 232 
858 232 
860 227 
861 222 
862 232 
863 232 
864 227 
865 108 
866 228 
867 228 
868 227 
869 225 
870 223 
871 222 
872 232 
873 227 
874 223 
875 46 
877 232 
878 222 
879 219 
880 225 
881 227 
882 223 
884 232 
885 227 
886 227 
888 228 
889 227 
890 232 
891 227 
892 219 
893 232 
894 227 
895 227 
896 227 
897 225 
898 222 
899 227 
900 227 
902 232 
903 237 
904 223 
905 227 
906 232 
907 232 
908 227 
909 228 
910 228 
911 221 
912 219 
913 227 
914 170 
915 227 
916 232 
918 219 
919 232 
921 227 
922 232 
923 222 
924 232 
925 232 
926 232 
927 220 
928 224 
929 228 
930 228 
932 227 
934 222 
935 232 
936 227 
939 228 
940 222 
941 227 
943 51 
944 227 
945 222 
946 218 
947 229 
948 228 
949 227 
950 232 
951 219 
953 228 
954 228 
955 223 
957 228 
958 221 
959 227 
960 232 
961 227 
962 85 
964 16 
967 219 
968 221 
969 227 
970 221 
971 232 
973 215 
975 231 
976 227 
977 227 
978 227 
979 221 
980 223 
981 227 
982 225 
983 227 
984 227 
985 227 
986 225 
987 227 
988 227 
990 232 
992 224 
993 222 
994 228 
995 228 
996 228 
997 232 
998 218 
999 222 
