0 182
1 0
2 177
3 86
4 150
5 91
6 3
7 9
8 91
9 3
10 2
11 9
12 2
13 6
14 2
15 8
16 6
17 3
18 0
19 9
20 198
21 81
22 237
23 131
24 5
25 6
26 6
27 221
28 11
29 130
30 8
31 129
32 42
33 6
34 6
35 47
36 0
37 95
39 126
40 171
41 187
42 0
43 1
44 3
45 3
46 0
47 0
48 87
49 134
50 8
51 4
52 182
53 19
54 0
55 95
56 0
57 66
58 3
59 135
60 130
62 174
63 0
64 179
65 3
66 3
67 3
68 171
69 171
70 7
71 97
72 215
73 7
74 180
75 32
76 5
77 217
78 0
79 0
80 0
81 199
82 3
83 5
84 89
85 144
86 0
87 181
88 44
90 6
91 3
92 5
93 3
94 8
95 6
96 9
97 5
98 8
99 2
100 9
101 3
102 132
103 3
104 138
105 8
106 68
107 1
108 6
109 8
110 226
111 7
112 8
113 7
114 3
115 237
116 0
117 6
118 214
119 14
120 0
121 0
122 0
123 7
124 4
125 171
126 0
127 11
128 3
129 92
130 14
131 96
132 199
133 7
134 131
135 135
137 171
138 8
140 205
141 6
142 136
143 5
144 3
145 0
146 106
147 2
148 9
149 2
151 6
152 196
153 237
154 3
155 6
156 136
157 4
158 3
159 134
160 11
161 6
162 3
163 4
164 5
165 5
166 7
167 92
168 6
169 134
170 4
171 4
172 124
173 9
174 3
175 139
176 2
177 1
178 6
179 0
180 5
181 89
182 124
183 7
184 231
185 2
186 4
187 0
188 166
189 4
190 0
192 5
193 9
194 5
195 134
196 229
198 201
200 97
201 7
202 8
203 134
204 0
205 2
206 231
207 238
208 47
209 149
210 43
211 8
212 53
213 215
215 9
216 158
217 93
218 42
219 4
220 7
221 8
222 135
223 201
224 0
225 68
226 9
227 125
228 56
229 10
230 13
231 205
232 0
233 3
234 149
235 5
236 164
237 145
238 3
239 44
240 150
241 7
242 6
243 0
244 198
245 9
246 192
247 207
248 6
249 6
250 237
251 9
252 130
253 8
254 138
255 216
256 3
257 6
258 126
259 4
260 176
261 7
262 0
263 10
264 5
265 4
266 9
267 0
268 12
269 137
270 5
271 17
272 11
273 79
274 8
275 207
276 132
277 49
278 165
279 10
280 0
283 130
284 86
285 215
286 99
287 97
288 4
289 3
290 9
291 55
292 122
293 8
294 5
296 2
297 110
298 177
299 132
301 170
302 196
303 221
304 56
305 41
306 52
307 44
308 8
309 45
310 133
311 12
312 68
313 3
314 3
315 133
316 0
317 9
318 3
319 11
320 171
321 8
322 82
323 3
324 138
325 213
326 9
327 157
328 9
329 11
330 6
331 222
332 8
333 0
334 11
335 7
336 174
337 147
338 123
339 3
340 6
341 179
343 48
344 4
345 53
346 230
347 10
348 45
349 0
350 6
351 90
352 0
353 0
354 3
355 3
356 0
357 53
358 138
359 230
360 93
361 10
362 9
363 52
364 189
365 10
366 136
367 42
368 12
369 129
370 230
371 54
372 8
373 93
374 12
375 135
376 52
377 9
378 124
379 231
380 79
381 9
382 175
384 3
385 166
386 0
387 81
388 6
389 6
390 8
391 230
392 9
393 193
394 10
395 198
396 81
397 235
398 3
399 200
400 54
401 135
402 0
403 6
404 6
405 55
407 109
408 43
409 79
410 10
411 5
412 0
413 126
414 0
415 10
416 0
417 195
418 197
419 0
420 0
421 8
422 47
423 11
424 16
425 9
426 151
427 0
428 234
429 2
430 138
431 3
432 197
434 1
435 5
436 99
437 46
438 8
439 10
440 0
442 77
443 4
444 25
445 43
446 132
447 3
448 0
449 220
450 97
451 40
452 102
453 7
454 6
455 132
456 11
457 12
458 196
459 9
460 0
461 5
462 9
463 1
465 68
466 0
467 43
468 132
469 188
470 134
471 0
472 0
473 44
474 0
475 3
476 10
478 9
479 0
480 152
481 3
482 11
483 32
484 0
485 92
487 50
488 0
489 163
490 3
491 195
493 9
494 10
495 183
496 11
497 132
498 133
499 8
